wcc_l:
  d0: 0.25
  joint0_idx: 13
  joint1_idx: 14
  constraint_polygon: [0.397855401039 , 2.90307354927 ,-1.79 , 2.91307354927 ,-1.78 , 1.43123674393 ,-0.77621114254 , 1.39720571041 ,-0.36 , 1.00585031509 ,-0.35 , -0.414940297604 ,-0.8 , -0.942419290543 ,-1.8 , -1.01898884773 ,-1.81 , -2.88 ,0.4 , -2.89 ,0.81 , -2.27813267708 ,1.82 , -2.29514837265 ,1.83 , 1.66945314407 ,0.84 , 1.73751521111 ,0.423378348351 , 2.09483933449]
wcc_r:
  d0: 0.25
  joint0_idx: 6
  joint1_idx: 7
  constraint_polygon: [-0.397855401039 , -2.90307354927 ,1.79 , -2.91307354927 ,1.78 , -1.43123674393 ,0.77621114254 , -1.39720571041 ,0.36 , -1.00585031509 ,0.35 , 0.414940297604 ,0.8 , 0.942419290543 ,1.8 , 1.01898884773 ,1.81 , 2.88 ,-0.4 , 2.89 ,-0.81 , 2.27813267708 ,-1.82 , 2.29514837265 ,-1.83 , -1.66945314407 ,-0.84 , -1.73751521111 ,-0.423378348351 , -2.09483933449]
